0	20	59	67	57	46	47	67	18	36	
20	0	48	63	48	53	32	47	34	51	
59	48	0	21	4	43	19	47	57	62	
67	63	21	0	18	35	39	68	60	59	
57	48	4	18	0	39	21	51	54	59	
46	53	43	35	39	0	49	82	31	24	
47	32	19	39	21	49	0	32	51	62	
67	47	47	68	51	82	32	0	78	91	
18	34	57	60	54	31	51	78	0	18	
36	51	62	59	59	24	62	91	18	0